3333333333333333333333333333333333333334
1000000000000000000000000000000000000004
1000000000000000000000000000000000000004
1000000000000000000000000000000000000004
1000000000000000000000000000000000000004
1000000000000000000000000000000000000004
1000000000000000000000000000000000000004
1000000000000000000000000000000000000004
1000000000002000000000000000000000000004
1000000000000000000000000000000000000004
1000000000000000000000000000000000000004
1000000000000000000000000000000000000004
1000000000000000000000000000000000000004
1000000000000000000000000000000000000004
1000000000000000000000000000000000000004
1000000000000000000000000000000000000004
1000000000000000000000000000000000000004
1000000000000000000000000000000000000004
1000000000000000000000000000000000000004
13456789ABCDEFGHIJKLMNOPQRSTUVWXYZ!@#$%^
