000000000000000000000000000000000000000

000111111111111111111111111111111110000

000100000000000000000000000000000010000

000100000000000000000000000000000010000

000100000000000000000000000000000010000

000100000000000000000000000000000010000

000100000000000000000000000000000010000

000100000000000000000000000000000010000

000100000000000000000000000000000010000

000100000000000000000000000000000010000

000100000000000000000000000000000010000

000100000000000000000000000000000010000

000100000000000000000000000000000010000

000100000000000000000000000000000010000

000100000000000000000000000000000010000

000100000000000000000000000000000010000

000100000000000000000000000000000010000

000100000000000000000000000000000010000

000100000000000000000000000000000010000

000111111111111111111111121111111110000

